0.000000000000000000e+00 -2.303699999999999903e+01
0.000000000000000000e+00 -2.303600000000000136e+01
0.000000000000000000e+00 -2.303500000000000014e+01
0.000000000000000000e+00 -4.088000000000000078e+00
0.000000000000000000e+00 -4.086999999999999744e+00
0.000000000000000000e+00 -4.086000000000000298e+00
1.000000000000000000e+00 -1.595100000000000051e+01
1.000000000000000000e+00 -1.594999999999999929e+01
1.000000000000000000e+00 -1.594899999999999984e+01
1.000000000000000000e+00 -1.594800000000000040e+01
2.000000000000000000e+00 -7.331999999999999851e+00
2.000000000000000000e+00 -7.331000000000000405e+00
2.000000000000000000e+00 -7.330000000000000071e+00
2.000000000000000000e+00 -7.328999999999999737e+00
