0.000000000000000000e+00 -3.270799999999999841e+01
0.000000000000000000e+00 -3.270700000000000074e+01
0.000000000000000000e+00 -1.199699999999999989e+01
0.000000000000000000e+00 -1.199600000000000044e+01
0.000000000000000000e+00 -1.199499999999999922e+01
0.000000000000000000e+00 -1.199399999999999977e+01
1.000000000000000000e+00 -2.521499999999999986e+01
1.000000000000000000e+00 -2.521399999999999864e+01
1.000000000000000000e+00 -2.521300000000000097e+01
1.000000000000000000e+00 -2.521199999999999974e+01
2.000000000000000000e+00 -1.595700000000000074e+01
2.000000000000000000e+00 -1.595599999999999952e+01
2.000000000000000000e+00 -1.595500000000000007e+01
2.000000000000000000e+00 -1.595400000000000063e+01
2.000000000000000000e+00 -1.595299999999999940e+01
3.000000000000000000e+00 -5.224000000000000199e+00
3.000000000000000000e+00 -5.222999999999999865e+00
3.000000000000000000e+00 -5.222000000000000419e+00
3.000000000000000000e+00 -5.221000000000000085e+00
